0.3 10 1 100 0.3 10 6.8 0.000682116 0
0.3 20 1 100 0.3 20 6.35 0.000626123 0
0.3 30 1 100 0.3 30 6.2 0.000624577 0
0.3 40 1 100 0.3 40 5.775 0.000580013 0
0.3 50 1 100 0.3 50 5.9 0.000586309 0
0.3 60 1 100 0.3 60 5.9 0.000622157 0
0.3 70 1 100 0.3 70 5.8 0.000585617 0
0.3 80 1 100 0.3 80 5.7625 0.00058575 0
0.3 90 1 100 0.3 90 5.82222 0.000612206 0
0.3 100 1 100 0.3 100 5.76 0.000573187 0
0.4 10 1 100 0.4 10 11.6 0.00106497 0
0.4 20 1 100 0.4 20 11.5 0.00104041 0
0.4 30 1 100 0.4 30 11.0667 0.00104637 0
0.4 40 1 100 0.4 40 11.35 0.00104457 0
0.4 50 1 100 0.4 50 11.16 0.0010191 0
0.4 60 1 100 0.4 60 11.5333 0.00105495 0
0.4 70 1 100 0.4 70 11.5571 0.00105465 0
0.4 80 1 100 0.4 80 11.45 0.00126429 0
0.4 90 1 100 0.4 90 11.6222 0.00120831 0
0.4 100 1 100 0.4 100 11.55 0.0011862 0
0.5 10 1 100 0.5 10 26.7 0.00261364 0
0.5 20 1 100 0.5 20 29.65 0.00255762 0
0.5 30 1 100 0.5 30 29.1667 0.00262728 0
0.5 40 1 100 0.5 40 29.4 0.00252368 0
0.5 50 1 100 0.5 50 29.22 0.00250832 0
0.5 60 1 100 0.5 60 31.7333 0.00274928 0
0.5 70 1 100 0.5 70 31.9857 0.00273362 0
0.5 80 1 100 0.5 80 31.0375 0.00265972 0
0.5 90 1 100 0.5 90 30.7778 0.00269529 0
0.5 100 1 100 0.5 100 31.05 0.00323004 0
0.6 10 1 100 0.6 10 202.5 0.0192875 0.8
0.6 20 1 100 0.6 20 190.05 0.0177676 0.75
0.6 30 1 100 0.6 30 184.933 0.0175112 0.666667
0.6 40 1 100 0.6 40 191.525 0.0179976 0.675
0.6 50 1 100 0.6 50 195.52 0.0186769 0.7
0.6 60 1 100 0.6 60 197.417 0.0199718 0.716667
0.6 70 1 100 0.6 70 200.557 0.0195347 0.742857
0.6 80 1 100 0.6 80 200.875 0.0190529 0.7625
0.6 90 1 100 0.6 90 196.7 0.0189346 0.755556
0.6 100 1 100 0.6 100 193.99 0.0183837 0.72
0.7 10 1 100 0.7 10 142.8 0.0151559 1
0.7 20 1 100 0.7 20 142.65 0.0140924 1
0.7 30 1 100 0.7 30 142.7 0.0144601 1
0.7 40 1 100 0.7 40 143.375 0.0148279 1
0.7 50 1 100 0.7 50 143.74 0.0137875 1
0.7 60 1 100 0.7 60 143.95 0.0150757 1
0.7 70 1 100 0.7 70 143.743 0.0155753 1
0.7 80 1 100 0.7 80 143.887 0.0148059 1
0.7 90 1 100 0.7 90 143.578 0.0137243 1
0.7 100 1 100 0.7 100 143.43 0.0146433 1
